CreationDate = 2022-11-20T13:50:27.969661

[cam_0]
port = 0
resolution = [ 1280, 720,]
rotation_count = 0
error = 0.443
camera_matrix = [ [ "647.9120280135564", "0.0", "644.1368206216139",], [ "0.0", "649.4039871201736", "372.4586770307849",], [ "0.0", "0.0", "1.0",],]
distortion = [ [ "0.16462659843064456", "-0.20919983355043975", "-0.0023591523463309502", "-0.0020565002066267614", "0.08924766812768521",],]
exposure = -6.0
grid_count = 53

[cam_1]
port = 1
resolution = [ 1280, 720,]
rotation_count = 0
error = 0.46
camera_matrix = [ [ "639.1529350374888", "0.0", "652.4760925175161",], [ "0.0", "641.608292562256", "327.63215510611013",], [ "0.0", "0.0", "1.0",],]
distortion = [ [ "0.1929473591209268", "-0.26978993417760894", "-0.004666696609176731", "-0.003578461358457541", "0.12987340388211788",],]
exposure = -6.0
grid_count = 56

[charuco]
columns = 4
rows = 5
board_height = 11.0
board_width = 8.5
dictionary = "DICT_4X4_1000"
units = "inch"
aruco_scale = 0.75
square_size_overide_cm = 4.4
inverted = true

[stereo_0_1]
grid_count = 16
rotation = [ [ "0.9999876633506144", "0.003953779656898941", "-0.00300678782139887",], [ "-0.003631309819341142", "0.9949218725743532", "0.10058469596384181",], [ "0.0033892086943971256", "-0.10057253650757364", "0.9949239559709369",],]
translation = [ [ "19.288906899558334",], [ "-0.016341927479857632",], [ "-0.30664959070484965",],]
RMSE = 1.269017610116747
