CreationDate = 2022-11-20T13:50:27.969661

[cam_0]
port = 0
resolution = [ 640, 480,]
rotation_count = 0
error = 0.588
camera_matrix = [ [ "426.5220560992291", "0.0", "334.8609419474896",], [ "0.0", "409.4197856015318", "192.99310674506356",], [ "0.0", "0.0", "1.0",],]
distortion = [ [ "0.20388413642727585", "-0.26818407254096455", "-0.03183352097916003", "-0.006019910717862182", "0.17422054298291476",],]
exposure = -4
grid_count = 30

[cam_1]
port = 1
resolution = [ 640, 480,]
rotation_count = 0
error = 0.417
camera_matrix = [ [ "817.5271178597181", "0.0", "337.83849988389574",], [ "0.0", "820.4300089554666", "220.2725791870871",], [ "0.0", "0.0", "1.0",],]
distortion = [ [ "0.09039717320377275", "-2.598782916983983", "-0.001824606264887232", "0.006027296732624897", "16.65371049134791",],]
exposure = -7.0
grid_count = 21

[cam_2]
port = 2
resolution = [ 640, 480,]
rotation_count = 0
error = 0.596
camera_matrix = [ [ "419.1267004535585", "0.0", "329.7819994891216",], [ "0.0", "398.7323847461771", "229.2799957869942",], [ "0.0", "0.0", "1.0",],]
distortion = [ [ "0.14654383646530558", "-0.1740123246001938", "-0.010348764953378593", "0.0001706926174154035", "0.0782458983286235",],]
exposure = -4
grid_count = 48

[charuco]
columns = 4
rows = 5
board_height = 11.0
board_width = 8.5
dictionary = "DICT_4X4_1000"
units = "inch"
aruco_scale = 0.75
square_size_overide = 4.4
inverted = true

[stereo_0_1]
grid_count = 6
rotation = [ [ "0.9892232277274805", "-0.00047214890412415264", "0.14641442142028793",], [ "0.018913857914444117", "0.9920281343993085", "-0.12458911083646006",], [ "-0.14518840071857514", "0.1260157039247087", "0.9813462032642418",],]
translation = [ [ "-22.629261785996174",], [ "-3.171111650450384",], [ "3.334501828317545",],]
RMSE = 1.0295554815750911

[stereo_0_2]
grid_count = 16
rotation = [ [ "0.9258076688383958", "-0.05439746643415127", "-0.3740602571318698",], [ "0.07806478047191563", "0.9957726067995454", "0.048402537097858356",], [ "0.3698459819572017", "-0.07401237189269994", "0.9261404420696301",],]
translation = [ [ "22.805773779082283",], [ "-11.375273437035538",], [ "10.005523920702894",],]
RMSE = 1.3784794830348295

[stereo_1_2]
grid_count = 6
rotation = [ [ "0.8562893873366015", "0.022008234713934836", "-0.516027249997017",], [ "0.05848427941700165", "0.9885345661443375", "0.13920847890448518",], [ "0.5131745065723566", "-0.14938222498879433", "0.8451845222563033",],]
translation = [ [ "44.103947065133084",], [ "-5.928407422693439",], [ "17.585335375367997",],]
RMSE = 1.0236688323935084
