CreationDate = 2022-11-20T13:50:27.969661

[cam_0]
port = 0
resolution = [ 1280, 720,]
rotation_count = 0
error = 0.24
camera_matrix = [ [ "643.5971802921299", "0.0", "650.1429290834659",], [ "0.0", "643.3524755877639", "379.0896616126428",], [ "0.0", "0.0", "1.0",],]
distortion = [ [ "0.16966572215354347", "-0.24179470207076043", "0.0001983020133840863", "0.00520267727497241", "0.1229532835904898",],]
exposure = -6.0
grid_count = 44

[cam_1]
port = 1
resolution = [ 1280, 720,]
rotation_count = 0
error = 0.36
camera_matrix = [ [ "638.734532387295", "0.0", "656.1892043203256",], [ "0.0", "640.5406711801248", "341.6316249306071",], [ "0.0", "0.0", "1.0",],]
distortion = [ [ "0.18513050085493996", "-0.2685416653767344", "-0.0009244580822373132", "0.0014506300988017865", "0.143836889002107",],]
exposure = -6.0
grid_count = 45

[charuco]
columns = 4
rows = 5
board_height = 11.0
board_width = 8.5
dictionary = "DICT_4X4_1000"
units = "inch"
aruco_scale = 0.75
square_size_overide = 4.4
inverted = true

[stereo_0_1]
grid_count = 21
rotation = [ [ "0.9993885409199105", "0.012960887043693893", "-0.032473984741835875",], [ "-0.013843818924640646", "0.9995365035881201", "-0.027113219514061135",], [ "0.03210752179091595", "0.027546204854326337", "0.9991047560904559",],]
translation = [ [ "26.278074053491313",], [ "2.340632910052552",], [ "0.0011891877679437199",],]
RMSE = 1.2917314178803692
