CreationDate = 2022-11-20T13:50:27.969661

[cam_0]
port = 0
resolution = [ 640, 480,]
rotation_count = 0
error = 0.406
camera_matrix = [ [ "439.52914896706113", "0.0", "322.4954181714395",], [ "0.0", "437.5419435465641", "257.30523071291555",], [ "0.0", "0.0", "1.0",],]
distortion = [ [ "0.19207683388300525", "-0.23688760669445605", "-0.0024412495188975702", "-0.001876558607617848", "-0.020934286589968525",],]
exposure = -6.0
grid_count = 32

[cam_1]
port = 1
resolution = [ 640, 480,]
rotation_count = 0
error = 0.598
camera_matrix = [ [ "430.0304104931319", "0.0", "327.34574417910216",], [ "0.0", "428.90148413367547", "223.29489544413713",], [ "0.0", "0.0", "1.0",],]
distortion = [ [ "0.19011127097768393", "-0.26744373101386154", "-0.0028190982062348733", "-0.0019004928680927374", "0.11569384441005436",],]
exposure = -6.0
grid_count = 53

[charuco]
columns = 4
rows = 5
board_height = 11.0
board_width = 8.5
dictionary = "DICT_4X4_1000"
units = "inch"
aruco_scale = 0.75
square_size_overide = 4.4
inverted = true

[stereo_0_1]
grid_count = 11
rotation = [ [ "0.9999067218675797", "-0.010079381233482067", "-0.009217029780828296",], [ "0.007455722619711927", "0.9682227018432273", "-0.24997842274008122",], [ "0.011443765300304883", "0.24988638560223916", "0.9682075369084877",],]
translation = [ [ "26.266756886227157",], [ "0.13381886097615336",], [ "-0.6852755041551863",],]
RMSE = 0.7364098521009907
