CreationDate = 2022-12-12T13:14:20.080680

[cam_0]
port = 0
resolution = [ 1920, 1080,]
rotation_count = 0
error = 0.352
camera_matrix = [ [ "968.0861220576412", "0.0", "959.1848072104156",], [ "0.0", "970.8417384061555", "555.0030639583845",], [ "0.0", "0.0", "1.0",],]
distortion = [ [ "0.1722914699888685", "-0.24187101874962114", "-0.0015128558997246089", "0.0012368618205698453", "0.11535348440613442",],]
exposure = -6
grid_count = 73

[cam_1]
port = 1
resolution = [ 1920, 1080,]
rotation_count = 0
error = 0.28
camera_matrix = [ [ "960.2989226225923", "0.0", "979.3955990314631",], [ "0.0", "964.2053053127597", "497.1685051049188",], [ "0.0", "0.0", "1.0",],]
distortion = [ [ "0.1668603434360071", "-0.22683475506268236", "-0.0022135670078725013", "0.0007421961870207969", "0.10296621060319569",],]
exposure = -6.0
grid_count = 80

[charuco]
columns = 4
rows = 5
board_height = 11.0
board_width = 8.5
dictionary = "DICT_4X4_1000"
units = "inch"
aruco_scale = 0.75
square_size_overide = 5.25
inverted = true

[stereo_0_1]
grid_count = 11
rotation = [ [ "0.9998920238988197", "-0.010218388009036962", "-0.010560544020977823",], [ "0.007620665565694086", "0.9750377757895953", "-0.2219082270660887",], [ "0.012564473719901095", "0.2218037879067346", "0.9750103659296994",],]
translation = [ [ "30.036889489704564",], [ "-0.24315386146491091",], [ "-0.3671341446815662",],]
RMSE = 2.5459307964721054
