CreationDate = 2022-12-12T13:14:20.080680

[cam_0]
port = 0
resolution = [ 1920, 1080,]
rotation_count = 0
error = 0.289
camera_matrix = [ [ "960.9942036993868", "0.0", "968.2519766858953",], [ "0.0", "964.0938457883295", "566.3322721412991",], [ "0.0", "0.0", "1.0",],]
distortion = [ [ "0.18299497981826734", "-0.2649702244439282", "-0.0001507574191770403", "-0.001532431708736605", "0.13514878019782547",],]
exposure = -6
grid_count = 77

[cam_1]
port = 1
resolution = [ 1920, 1080,]
rotation_count = 0
error = 0.374
camera_matrix = [ [ "962.6864574042926", "0.0", "984.2512475151303",], [ "0.0", "967.1806094589355", "495.37193486084726",], [ "0.0", "0.0", "1.0",],]
distortion = [ [ "0.18075245536076073", "-0.2521941970831627", "-0.002829047743041396", "0.00012913313561641558", "0.12224549211737165",],]
exposure = -6.0
grid_count = 85

[charuco]
columns = 4
rows = 5
board_height = 11.0
board_width = 8.5
dictionary = "DICT_4X4_1000"
units = "inch"
aruco_scale = 0.75
square_size_overide = 5.25
inverted = true

[stereo_0_1]
grid_count = 21
rotation = [ [ "0.9999817753144915", "-0.00017326056347625616", "-0.006034817284300962",], [ "-0.001113758307384543", "0.9771374095118178", "-0.2126058382899366",], [ "0.005933681935399441", "0.21260868494328042", "0.977119408519439",],]
translation = [ [ "30.13070361205278",], [ "-0.0851010077763506",], [ "-0.22975961432468703",],]
RMSE = 0.8372810097465094
