CreationDate = 2022-10-31T10:27:56.822974
stereo_0_2_rotation = [ [ "0.8510148389927941", "-0.05719041092111353", "-0.5220181995991547",], [ "0.08890913911296437", "0.99539286608809", "0.035891602404037784",], [ "0.5175605363590431", "-0.07695647496872605", "0.8521788498690445",],]
stereo_0_2_translation = [ [ "17.11382986264014",], [ "-13.748473782937747",], [ "6.082691772734813",],]
stereo_1_0_RMSE = 0.8932797288066477
stereo_1_0_rotation = [ [ "0.9966740308273699", "-0.014555928846005118", "-0.08018105268548657",], [ "0.017443395406935156", "0.999219921493126", "0.03542988072162249",], [ "0.0796027903468217", "-0.036710671836689655", "0.9961504516599382",],]
stereo_1_0_translation = [ [ "43.95960590447135",], [ "3.8713965645862882",], [ "3.8350541750462037",],]
stereo_1_2_RMSE = 0.9276025728972986
stereo_1_2_rotation = [ [ "0.8089112710039972", "-0.10613538372126513", "-0.5782714206711563",], [ "0.12386163135043296", "0.9922599851718696", "-0.008855399817654111",], [ "0.5747354625581296", "-0.06446240880591476", "0.8157963875435046",],]
stereo_1_2_translation = [ [ "53.29631178865272",], [ "-5.495827157159068",], [ "26.49578270218435",],]
stereo_2_0_RMSE = 1.0280634067506806
stereo_2_0_rotation = [ [ "0.8819180088714378", "0.10674432640554003", "0.4591582237186502",], [ "-0.08515731338441347", "0.9940759412249598", "-0.06753706430441743",], [ "-0.4636473418508805", "0.020461472526134353", "0.8857835348078417",],]
stereo_2_0_translation = [ [ "-15.574510448244196",], [ "15.659802650406057",], [ "9.081481454034144",],]

[cam_0]
port = 0
resolution = [ 640, 480,]
rotation_count = 0
error = 0.564
camera_matrix = [ [ "440.9825856512463", "0.0", "328.29266076463773",], [ "0.0", "435.15859598474486", "255.81068720194645",], [ "0.0", "0.0", "1.0",],]
distortion = [ [ "0.17193700164964282", "-0.15015837131368795", "-0.0029310809425378967", "0.010962929507342107", "-0.0223598933741987",],]
exposure = -6.0
grid_count = 22

[cam_1]
port = 1
resolution = [ 640, 480,]
rotation_count = 0
error = 0.371
camera_matrix = [ [ "828.576353517834", "0.0", "358.3799564513911",], [ "0.0", "818.7636474035547", "266.57041832580234",], [ "0.0", "0.0", "1.0",],]
distortion = [ [ "-0.01609832528992777", "-0.11057350112922289", "0.0006737427272044997", "0.014193172203729032", "1.0988702624893651",],]
exposure = -7.0
grid_count = 17

[cam_2]
port = 2
resolution = [ 640, 480,]
rotation_count = 0
error = 0.621
camera_matrix = [ [ "463.1267618410774", "0.0", "338.998153246884",], [ "0.0", "454.0832270905078", "245.29056573964567",], [ "0.0", "0.0", "1.0",],]
distortion = [ [ "0.25103632926113034", "-0.47478234872885294", "-0.004454076619737088", "0.018497009711591714", "0.39530200141446264",],]
exposure = -6
grid_count = 32

[charuco]
columns = 4
rows = 5
board_height = 11.0
board_width = 8.5
dictionary = "DICT_4X4_1000"
units = "inch"
aruco_scale = 0.75
square_size_overide = 5.25
inverted = true
