CreationDate = 2022-10-31T10:27:56.822974
stereo_0_2_RMSE = 1.2578364643742908
stereo_0_2_rotation = [ [ "0.9532319622146617", "-0.047834902722078215", "-0.2984303072644519",], [ "0.0832055948253049", "0.9907754763753182", "0.10696160247036583",], [ "0.29056093199560235", "-0.12679028943428866", "0.9484189829938118",],]
stereo_0_2_translation = [ [ "23.530520030778266",], [ "-14.47162580028003",], [ "6.630136836055438",],]
stereo_1_0_RMSE = 0.9363772363163697
stereo_1_0_rotation = [ [ "0.9933575650605871", "0.11193939147490019", "-0.02665183995769128",], [ "-0.10366819580076962", "0.9711212445240508", "0.21488702523296244",], [ "0.049936490828998356", "-0.2106967039853438", "0.9762751895922572",],]
stereo_1_0_translation = [ [ "32.558830115525176",], [ "0.9874579119430837",], [ "-0.9372372956203967",],]
stereo_1_2_RMSE = 0.821241267913401
stereo_1_2_rotation = [ [ "0.9060495747914041", "0.1239488243564081", "-0.4046119832147585",], [ "-0.011616900052828519", "0.9630667466274173", "0.26901206139064593",], [ "0.4230120750681691", "-0.2390379268675713", "0.8740261173817264",],]
stereo_1_2_translation = [ [ "52.72921652206138",], [ "-10.396486518315719",], [ "14.613097044505903",],]
stereo_2_0_RMSE = 1.012713277946443
stereo_2_0_rotation = [ [ "0.9474051833499939", "0.07680639404969027", "0.31068343437436124",], [ "-0.0523005680415106", "0.9948810820981424", "-0.08646550217146967",], [ "-0.31573417481181804", "0.06566894483934405", "0.9465725120346499",],]
stereo_2_0_translation = [ [ "-23.301797828778362",], [ "16.247394665530575",], [ "5.45092663419025",],]

[cam_0]
port = 0
resolution = [ 1024, 576,]
rotation_count = 0
error = 0.436
camera_matrix = [ [ "512.7046705791893", "0.0", "515.7976317959644",], [ "0.0", "512.4757895247055", "301.7150664546635",], [ "0.0", "0.0", "1.0",],]
distortion = [ [ "0.16342089401834972", "-0.21054105810243287", "0.0006231456478205728", "-0.002371754166130213", "0.09187890036793518",],]
exposure = -5
grid_count = 42

[cam_1]
port = 1
resolution = [ 864, 480,]
rotation_count = 0
error = 0.579
camera_matrix = [ [ "1099.4448042309896", "0.0", "474.5123802892202",], [ "0.0", "1030.7743604215007", "381.0772211976189",], [ "0.0", "0.0", "1.0",],]
distortion = [ [ "-0.17094077936308127", "1.5228453919772973", "-0.00041719017491386205", "0.010206018101808451", "-3.5301174598982783",],]
exposure = -6
grid_count = 26

[cam_2]
port = 2
resolution = [ 1280, 720,]
rotation_count = 0
error = 0.521
camera_matrix = [ [ "647.5173695570833", "0.0", "655.4149141410544",], [ "0.0", "642.0684509045677", "326.2895810156164",], [ "0.0", "0.0", "1.0",],]
distortion = [ [ "0.19145136760543724", "-0.2668859964672896", "-0.007714545798213812", "0.0011937069978700467", "0.12733688572962382",],]
exposure = -6
grid_count = 47

[charuco]
columns = 4
rows = 5
board_height = 11.0
board_width = 8.5
dictionary = "DICT_4X4_1000"
units = "inch"
aruco_scale = 0.75
square_size_overide = 5.25
inverted = true
