CreationDate = 2022-11-05T12:04:17.396180
stereo_0_2_RMSE = 0.7675371950471027
stereo_0_2_rotation = [ [ "0.9656349331182034", "-0.04602871586143202", "-0.2557939273281335",], [ "0.0684233678144967", "0.994495956988071", "0.07934755365669935",], [ "0.2507337605483653", "-0.09412305164266743", "0.9634694766679154",],]
stereo_0_2_translation = [ [ "25.024633325625828",], [ "-14.817322142793724",], [ "1.6967090686104602",],]
stereo_1_0_RMSE = 1.004308717235765
stereo_1_0_rotation = [ [ "0.9997630814446212", "0.013898083793405496", "-0.016751843099409417",], [ "-0.010880086921932118", "0.9856564841139609", "0.16841294199875606",], [ "0.018852179951585255", "-0.16819078033880647", "0.9855741761633654",],]
stereo_1_0_translation = [ [ "41.468764021631394",], [ "2.956766768743823",], [ "4.977161349736083",],]
stereo_1_2_RMSE = 0.6164561611215582
stereo_1_2_rotation = [ [ "0.9613642709900259", "0.008562860754005", "-0.2751461718423927",], [ "0.05943205618608967", "0.9694873456099895", "0.23782791551790156",], [ "0.2687872191182264", "-0.24499176336726947", "0.9315215868249572",],]
stereo_1_2_translation = [ [ "61.81719042039961",], [ "-10.462655155943699",], [ "11.243647580397514",],]

[cam_0]
port = 0
resolution = [ 1024, 576,]
rotation_count = 0
error = 0.322
camera_matrix = [ [ "511.3596310789698", "0.0", "516.9300025581944",], [ "0.0", "519.2763752847203", "316.22475357714694",], [ "0.0", "0.0", "1.0",],]
distortion = [ [ "0.19932160140191876", "-0.30780230061910874", "0.0027112142883541643", "0.0034927312495237456", "0.1719933171741023",],]
exposure = -6
grid_count = 41

[cam_1]
port = 1
resolution = [ 864, 480,]
rotation_count = 0
error = 0.286
camera_matrix = [ [ "966.2278069795542", "0.0", "446.84086132628676",], [ "0.0", "959.1386967976755", "239.00547944069118",], [ "0.0", "0.0", "1.0",],]
distortion = [ [ "0.00342888826989652", "0.004809238016211234", "-0.0013730979613098898", "0.0075991850596510415", "0.2176369597499248",],]
exposure = -3
grid_count = 31

[cam_2]
port = 2
resolution = [ 1920, 1080,]
rotation_count = 0
error = 0.321
camera_matrix = [ [ "965.6324869743805", "0.0", "981.4877241380477",], [ "0.0", "972.7366568329022", "500.7096259674203",], [ "0.0", "0.0", "1.0",],]
distortion = [ [ "0.19261419440071997", "-0.2606804362922814", "-0.0012710380030892157", "0.0007235528195286435", "0.11519190513420459",],]
exposure = -6.0
grid_count = 32

[charuco]
columns = 4
rows = 5
board_height = 11.0
board_width = 8.5
dictionary = "DICT_4X4_1000"
units = "inch"
aruco_scale = 0.75
square_size_overide = 5.4
inverted = true
