CreationDate = 2022-11-06T08:35:07.129308
stereo_0_2_RMSE = 1.5431972811014012
stereo_0_2_rotation = [ [ "0.9841949595994312", "-0.04059774247300762", "-0.17237199542028164",], [ "0.05195552372530673", "0.9967293095253233", "0.06189755316328146",], [ "0.16929531905372736", "-0.06987493713247632", "0.9830852394920947",],]
stereo_0_2_translation = [ [ "24.710721207035053",], [ "-13.377191115484063",], [ "1.1084441609507159",],]
stereo_1_0_RMSE = 1.63383200680924
stereo_1_0_rotation = [ [ "0.9970858206923695", "-0.01664457870810632", "-0.07445014555965423",], [ "0.023702130463077686", "0.9952007032557475", "0.09494087239317386",], [ "0.0725125863952962", "-0.09642882473044734", "0.9926950219354227",],]
stereo_1_0_translation = [ [ "37.960088084410074",], [ "1.654388510416897",], [ "0.9536878822751388",],]
stereo_1_2_RMSE = 1.5323382740495373
stereo_1_2_rotation = [ [ "0.9682719786998136", "-0.04169988426931129", "-0.2463949977509155",], [ "0.0878836455376793", "0.9798178326822637", "0.17953684748496304",], [ "0.2339355469178533", "-0.1954945892083906", "0.9523948894647049",],]
stereo_1_2_translation = [ [ "61.43845780595454",], [ "-12.054957905386201",], [ "8.291597305075618",],]

[cam_0]
port = 0
resolution = [ 1280, 720,]
rotation_count = 0
error = 0.461
camera_matrix = [ [ "647.3079896845863", "0.0", "650.2281025773259",], [ "0.0", "649.0195868788946", "367.4995680237256",], [ "0.0", "0.0", "1.0",],]
distortion = [ [ "0.17943509914401118", "-0.25384173528069875", "-0.0021921563852084283", "0.001485673687918775", "0.12128810962633467",],]
exposure = -6.0
grid_count = 78

[cam_1]
port = 1
resolution = [ 1024, 576,]
rotation_count = 0
error = 0.686
camera_matrix = [ [ "1141.8046368446408", "0.0", "460.4075877351642",], [ "0.0", "1158.5362532516203", "240.2111275118159",], [ "0.0", "0.0", "1.0",],]
distortion = [ [ "-0.047154385553736966", "0.6290324553832762", "-0.003878619922179416", "-0.018620515886610733", "-1.8136386786600593",],]
exposure = -5
grid_count = 37

[cam_2]
port = 2
resolution = [ 1280, 720,]
rotation_count = 0
error = 0.492
camera_matrix = [ [ "643.6068828471597", "0.0", "654.3016526321692",], [ "0.0", "643.5658323416898", "338.0713038637058",], [ "0.0", "0.0", "1.0",],]
distortion = [ [ "0.15881873544618838", "-0.2088539117513703", "0.001981018072943025", "0.0010123111059507166", "0.08968777478152505",],]
exposure = -6.0
grid_count = 83

[charuco]
columns = 4
rows = 5
board_height = 11.0
board_width = 8.5
dictionary = "DICT_4X4_1000"
units = "inch"
aruco_scale = 0.75
square_size_overide = 5.25
inverted = true
