CreationDate = 2022-10-31T10:27:56.822974
stereo_0_2_RMSE = 1.2578364643742908
stereo_0_2_rotation = [ [ "0.9532319622146617", "-0.047834902722078215", "-0.2984303072644519",], [ "0.0832055948253049", "0.9907754763753182", "0.10696160247036583",], [ "0.29056093199560235", "-0.12679028943428866", "0.9484189829938118",],]
stereo_0_2_translation = [ [ "23.530520030778266",], [ "-14.47162580028003",], [ "6.630136836055438",],]
stereo_1_0_RMSE = 0.6960248191809898
stereo_1_0_rotation = [ [ "0.9865117992720153", "0.09843057881017984", "-0.13078949136755652",], [ "-0.06506148500645338", "0.9689636064188475", "0.2384880135447816",], [ "0.15020477044969716", "-0.22676188081525933", "0.9622980704247931",],]
stereo_1_0_translation = [ [ "34.34270548527102",], [ "2.5907439564397237",], [ "7.280160269465813",],]
stereo_1_2_RMSE = 1.291223835517981
stereo_1_2_rotation = [ [ "0.7398928882354261", "0.25308259803690647", "-0.6233038685180199",], [ "-0.05684225724967669", "0.9467423805878585", "0.31693504474828293",], [ "0.6703189328442103", "-0.19906798680281113", "0.714873740531064",],]
stereo_1_2_translation = [ [ "38.19539150301242",], [ "-10.842272976765877",], [ "51.41132481441251",],]
stereo_2_0_RMSE = 48.09885936470113
stereo_2_0_rotation = [ [ "0.9864041769710005", "0.11956900474004566", "0.11273886978162469",], [ "-0.13235558710020118", "0.984656057311809", "0.11372971187215995",], [ "-0.09741046256703768", "-0.12710508213536703", "0.9870944736335208",],]
stereo_2_0_translation = [ [ "-28.30111031172204",], [ "7.080379736979206",], [ "77.86299386839083",],]

[cam_0]
port = 0
resolution = [ 1024, 576,]
rotation_count = 0
error = 0.436
camera_matrix = [ [ "512.7046705791893", "0.0", "515.7976317959644",], [ "0.0", "512.4757895247055", "301.7150664546635",], [ "0.0", "0.0", "1.0",],]
distortion = [ [ "0.16342089401834972", "-0.21054105810243287", "0.0006231456478205728", "-0.002371754166130213", "0.09187890036793518",],]
exposure = -5
grid_count = 42

[cam_1]
port = 1
resolution = [ 864, 480,]
rotation_count = 0
error = 0.579
camera_matrix = [ [ "1099.4448042309896", "0.0", "474.5123802892202",], [ "0.0", "1030.7743604215007", "381.0772211976189",], [ "0.0", "0.0", "1.0",],]
distortion = [ [ "-0.17094077936308127", "1.5228453919772973", "-0.00041719017491386205", "0.010206018101808451", "-3.5301174598982783",],]
exposure = -6
grid_count = 26

[cam_2]
port = 2
resolution = [ 1280, 720,]
rotation_count = 0
error = 0.521
camera_matrix = [ [ "647.5173695570833", "0.0", "655.4149141410544",], [ "0.0", "642.0684509045677", "326.2895810156164",], [ "0.0", "0.0", "1.0",],]
distortion = [ [ "0.19145136760543724", "-0.2668859964672896", "-0.007714545798213812", "0.0011937069978700467", "0.12733688572962382",],]
exposure = -6
grid_count = 47

[charuco]
columns = 4
rows = 5
board_height = 11.0
board_width = 8.5
dictionary = "DICT_4X4_1000"
units = "inch"
aruco_scale = 0.75
square_size_overide = 5.25
inverted = true
