CreationDate = 2022-11-06T08:35:07.129308
stereo_1_0_RMSE = 1.5456210568965747
stereo_1_0_rotation = [ [ "0.9954352598122962", "-0.007838433193686305", "-0.09511678341646435",], [ "0.01990894354892406", "0.991750672501033", "0.12662636992552015",], [ "0.09333958157819341", "-0.1279420281174917", "0.9873796432740503",],]
stereo_1_0_translation = [ [ "24.905034132058066",], [ "1.3712886729900278",], [ "3.316998238664997",],]
stereo_1_2_RMSE = 2.5139573558231603
stereo_1_2_rotation = [ [ "0.9107559246380115", "0.030887299674122085", "-0.41178831996014864",], [ "0.03148679250851537", "0.9891013876731284", "0.14382985364873843",], [ "0.4117429144919029", "-0.143959784738422", "0.8998574068949928",],]
stereo_1_2_translation = [ [ "54.521299395264315",], [ "-13.154324753243213",], [ "19.709740383617287",],]
stereo_2_0_RMSE = 1.4226572948338934
stereo_2_0_rotation = [ [ "0.9589500694652326", "0.003749263567936918", "0.2835501847915526",], [ "0.0006221768926313895", "0.9998823688777994", "-0.015325185259389012",], [ "-0.28357428862388023", "0.014872505841937316", "0.9588349343872707",],]
stereo_2_0_translation = [ [ "-30.56371933739182",], [ "14.709386740735237",], [ "-0.605397462033134",],]

[cam_0]
port = 0
resolution = [ 640, 480,]
rotation_count = 0
error = 0.611
camera_matrix = [ [ "433.9403493528248", "0.0", "337.60365912070176",], [ "0.0", "434.4773337370453", "241.5905653490824",], [ "0.0", "0.0", "1.0",],]
distortion = [ [ "0.19501757026604133", "-0.32670387030981674", "-0.01092729175024598", "0.016082046646062075", "0.2910231997987087",],]
exposure = -4
grid_count = 46

[cam_1]
port = 1
resolution = [ 1024, 576,]
rotation_count = 0
error = 0.686
camera_matrix = [ [ "1141.8046368446408", "0.0", "460.4075877351642",], [ "0.0", "1158.5362532516203", "240.2111275118159",], [ "0.0", "0.0", "1.0",],]
distortion = [ [ "-0.047154385553736966", "0.6290324553832762", "-0.003878619922179416", "-0.018620515886610733", "-1.8136386786600593",],]
exposure = -5
grid_count = 37

[cam_2]
port = 2
resolution = [ 1280, 720,]
rotation_count = 0
error = 0.492
camera_matrix = [ [ "643.6068828471597", "0.0", "654.3016526321692",], [ "0.0", "643.5658323416898", "338.0713038637058",], [ "0.0", "0.0", "1.0",],]
distortion = [ [ "0.15881873544618838", "-0.2088539117513703", "0.001981018072943025", "0.0010123111059507166", "0.08968777478152505",],]
exposure = -6.0
grid_count = 83

[charuco]
columns = 4
rows = 5
board_height = 11.0
board_width = 8.5
dictionary = "DICT_4X4_1000"
units = "inch"
aruco_scale = 0.75
square_size_overide = 5.25
inverted = true
