CreationDate = 2022-10-31T10:27:56.822974
stereo_0_2_rotation = [ [ "0.8088134825038319", "-0.07882339075330311", "-0.582758632360067",], [ "0.09590705109144279", "0.9953891250334621", "-0.0015255543458153192",], [ "0.5801918545368997", "-0.05465677300454854", "0.8126438636289345",],]
stereo_0_2_translation = [ [ "16.19623126131848",], [ "-12.8941171575291",], [ "7.317967280187113",],]
stereo_1_0_rotation = [ [ "0.9894973465102203", "-0.013717718369677051", "-0.14389866382966604",], [ "0.019383529760292034", "0.9990879810099557", "0.03804582730710757",], [ "0.14324552357147113", "-0.04043550919897763", "0.9888608039418665",],]
stereo_1_0_translation = [ [ "43.43471401705155",], [ "3.5523379314716275",], [ "6.410129265388531",],]
stereo_1_2_rotation = [ [ "0.7320785356995043", "-0.11765500679736107", "-0.6709830973605689",], [ "0.12144037954659867", "0.9917349824278967", "-0.041399986042482115",], [ "0.6703083259095383", "-0.05117640085285963", "0.7403159624188174",],]
stereo_1_2_translation = [ [ "48.733824138626055",], [ "-6.172358260596279",], [ "33.852750881606276",],]

[cam_0]
port = 0
resolution = [ 640, 480,]
rotation_count = 0
error = 0.564
camera_matrix = [ [ "440.9825856512463", "0.0", "328.29266076463773",], [ "0.0", "435.15859598474486", "255.81068720194645",], [ "0.0", "0.0", "1.0",],]
distortion = [ [ "0.17193700164964282", "-0.15015837131368795", "-0.0029310809425378967", "0.010962929507342107", "-0.0223598933741987",],]
exposure = -6.0
grid_count = 22

[cam_1]
port = 1
resolution = [ 640, 480,]
rotation_count = 0
error = 0.371
camera_matrix = [ [ "828.576353517834", "0.0", "358.3799564513911",], [ "0.0", "818.7636474035547", "266.57041832580234",], [ "0.0", "0.0", "1.0",],]
distortion = [ [ "-0.01609832528992777", "-0.11057350112922289", "0.0006737427272044997", "0.014193172203729032", "1.0988702624893651",],]
exposure = -7.0
grid_count = 17

[cam_2]
port = 2
resolution = [ 640, 480,]
rotation_count = 0
error = 0.621
camera_matrix = [ [ "463.1267618410774", "0.0", "338.998153246884",], [ "0.0", "454.0832270905078", "245.29056573964567",], [ "0.0", "0.0", "1.0",],]
distortion = [ [ "0.25103632926113034", "-0.47478234872885294", "-0.004454076619737088", "0.018497009711591714", "0.39530200141446264",],]
exposure = -6
grid_count = 32

[charuco]
columns = 4
rows = 5
board_height = 11.0
board_width = 8.5
dictionary = "DICT_4X4_1000"
units = "inch"
aruco_scale = 0.75
square_size_overide = 5.25
inverted = true
