CreationDate = 2022-12-12T13:14:20.080680

[cam_0]
port = 0
resolution = [ 1024, 576,]
rotation_count = 0
error = 0.476
camera_matrix = [ [ "513.9851965892801", "0.0", "515.4784468106868",], [ "0.0", "515.8028692101396", "290.31328928370783",], [ "0.0", "0.0", "1.0",],]
distortion = [ [ "0.18391510993191662", "-0.2831912657910456", "-0.005777542489805641", "-0.0021773255739509787", "0.15134069479489268",],]
exposure = -6
grid_count = 52
ignore = false

[cam_1]
port = 1
resolution = [ 1024, 576,]
rotation_count = 0
error = 0.31
camera_matrix = [ [ "1255.5944699637969", "0.0", "524.1421122143292",], [ "0.0", "1279.234017225335", "368.6882365818641",], [ "0.0", "0.0", "1.0",],]
distortion = [ [ "-0.053193651213134324", "1.0042476000416023", "-0.0031669384428272733", "0.004472893919082348", "-4.601997385157866",],]
exposure = -5
grid_count = 25
ignore = false

[cam_2]
port = 2
resolution = [ 1024, 576,]
rotation_count = 0
error = 0.549
camera_matrix = [ [ "507.86064941392493", "0.0", "526.5951952490923",], [ "0.0", "506.9839493361188", "255.858144563713",], [ "0.0", "0.0", "1.0",],]
distortion = [ [ "0.15321897988603367", "-0.19232610757600707", "-0.005318499876223049", "0.0004000676278937625", "0.07713563620258782",],]
exposure = -6
grid_count = 64
ignore = false

[charuco]
columns = 4
rows = 5
board_height = 11.0
board_width = 8.5
dictionary = "DICT_4X4_1000"
units = "inch"
aruco_scale = 0.75
square_size_overide_cm = 5.25
inverted = true
