[cam_0]
name = "A"
size = [ 1280, 720,]
matrix = [ [ 822.4285608314027, 0.0, 639.5,], [ 0.0, 822.4285608314027, 359.5,], [ 0.0, 0.0, 1.0,],]
distortions = [ -0.06059294583274424, 0.0, 0.0, 0.0,]
rotation = [ 0.014493712492671748, 0.13633961248793308, 0.009082529819185602,]
translation = [ -94.26174162480014, 8.770335991313717, -97.24106633264832,]
fisheye = true

[cam_1]
name = "B"
size = [ 1280, 720,]
matrix = [ [ 851.9385803736138, 0.0, 639.5,], [ 0.0, 851.9385803736138, 359.5,], [ 0.0, 0.0, 1.0,],]
distortions = [ -0.10502790295970016, 0.0, 0.0, 0.0,]
rotation = [ -0.008268205965312459, -0.6823332374541422, 0.015619975138965424,]
translation = [ 318.93680452281654, 10.298227458813292, -18.808862300225318,]
fisheye = true

[cam_2]
name = "C"
size = [ 1280, 720,]
matrix = [ [ 802.4153822191315, 0.0, 639.5,], [ 0.0, 802.4153822191315, 359.5,], [ 0.0, 0.0, 1.0,],]
distortions = [ -0.027923527588708346, 0.0, 0.0, 0.0,]
rotation = [ 0.047393870319597894, 0.8832433410560375, 0.02122589787106779,]
translation = [ -446.27606001761495, 3.3053816908155, 200.7169305054078,]
fisheye = true

[metadata]
adjusted = false
error = 0.26297020272610133
