CreationDate = 2022-11-20T13:50:27.969661

[cam_0]
port = 0
resolution = [ 1280, 720,]
rotation_count = 0
error = 0.364
camera_matrix = [ [ "997.8402121053587", "0.0", "624.5249416210845",], [ "0.0", "997.550679616574", "346.0561370004619",], [ "0.0", "0.0", "1.0",],]
distortion = [ [ "0.06927427838910105", "-0.6741805359687129", "0.0010023758207864412", "-0.0020051925080786597", "1.2659963444062312",],]
exposure = -6.0
grid_count = 42

[cam_1]
port = 1
resolution = [ 960, 544,]
rotation_count = 0
error = 0.21
camera_matrix = [ [ "1096.2479949654023", "0.0", "467.43476901235005",], [ "0.0", "1108.2160614888744", "287.5093830659872",], [ "0.0", "0.0", "1.0",],]
distortion = [ [ "0.017822906464775988", "-0.18397713518273293", "-0.0013822948699620172", "-0.0032043733794898696", "0.41051181132936604",],]
exposure = -4
grid_count = 24

[charuco]
columns = 4
rows = 5
board_height = 11.0
board_width = 8.5
dictionary = "DICT_4X4_1000"
units = "inch"
aruco_scale = 0.75
square_size_overide = 4.4
inverted = true

[stereo_0_1]
grid_count = 6
rotation = [ [ "0.5398354444216179", "0.34607510419349297", "0.7673393742038639",], [ "-0.41922997850872756", "0.901015962500417", "-0.1114291722980079",], [ "-0.7299478872259897", "-0.26153825260735813", "0.6314854110408281",],]
translation = [ [ "-72.22287433445526",], [ "3.57847542629334",], [ "-4.4452037023228685",],]
RMSE = 1.7168968965542073
