CreationDate = 2022-11-20T13:50:27.969661

[cam_0]
port = 0
resolution = [ 640, 480,]
rotation_count = 0
error = 0.461
camera_matrix = [ [ "647.3079896845863", "0.0", "650.2281025773259",], [ "0.0", "649.0195868788946", "367.4995680237256",], [ "0.0", "0.0", "1.0",],]
distortion = [ [ "0.17943509914401118", "-0.25384173528069875", "-0.0021921563852084283", "0.001485673687918775", "0.12128810962633467",],]
exposure = -6.0
grid_count = 78

[cam_1]
port = 1
resolution = [ 640, 480,]
rotation_count = 0
error = 0.686
camera_matrix = [ [ "1141.8046368446408", "0.0", "460.4075877351642",], [ "0.0", "1158.5362532516203", "240.2111275118159",], [ "0.0", "0.0", "1.0",],]
distortion = [ [ "-0.047154385553736966", "0.6290324553832762", "-0.003878619922179416", "-0.018620515886610733", "-1.8136386786600593",],]
exposure = -5
grid_count = 37

[cam_2]
port = 2
resolution = [ 640, 480,]
rotation_count = 0
error = 0.492
camera_matrix = [ [ "643.6068828471597", "0.0", "654.3016526321692",], [ "0.0", "643.5658323416898", "338.0713038637058",], [ "0.0", "0.0", "1.0",],]
distortion = [ [ "0.15881873544618838", "-0.2088539117513703", "0.001981018072943025", "0.0010123111059507166", "0.08968777478152505",],]
exposure = -6.0
grid_count = 83

[charuco]
columns = 4
rows = 5
board_height = 11
board_width = 8.5
dictionary = "DICT_4X4_50"
units = "inch"
aruco_scale = 0.75
square_size_overide = 5.4
inverted = false
