CreationDate = 2022-11-20T13:50:27.969661

[cam_0]
port = 0
resolution = [ 1920, 1080,]
rotation_count = 0
error = 0.479
camera_matrix = [ [ "990.6725344522066", "0.0", "975.9033799888512",], [ "0.0", "989.3838435473647", "490.03031550789234",], [ "0.0", "0.0", "1.0",],]
distortion = [ [ "0.23141924801767264", "-0.37487402219399746", "0.0010471114020198613", "-0.00309324622687893", "0.22334734707341072",],]
exposure = -4
grid_count = 17

[cam_1]
port = 1
resolution = [ 1280, 720,]
rotation_count = 0
error = 0.271
camera_matrix = [ [ "1442.4676978377597", "0.0", "637.3457314837536",], [ "0.0", "1464.9283848984692", "349.5315826003059",], [ "0.0", "0.0", "1.0",],]
distortion = [ [ "0.04829635397589497", "-1.0636737153728353", "-0.0013732908640434526", "0.00027657885659990904", "6.3477174347028",],]
exposure = -7.0
grid_count = 14

[cam_2]
port = 2
resolution = [ 1920, 1080,]
rotation_count = 0
error = 0.262
camera_matrix = [ [ "964.2399281697535", "0.0", "971.1583339536013",], [ "0.0", "961.3486708593482", "574.5716662609697",], [ "0.0", "0.0", "1.0",],]
distortion = [ [ "0.18363107131994186", "-0.27171729802674904", "0.001567987392479548", "-0.0026688780683022883", "0.14102887744107273",],]
exposure = -6.0
grid_count = 38

[charuco]
columns = 4
rows = 5
board_height = 11.0
board_width = 8.5
dictionary = "DICT_4X4_1000"
units = "inch"
aruco_scale = 0.75
square_size_overide = 4.4
inverted = true
