CreationDate = 2022-11-20T13:50:27.969661

[cam_0]
port = 0
resolution = [ 640, 480,]
rotation_count = 0
error = 0.588
camera_matrix = [ [ "426.5220560992291", "0.0", "334.8609419474896",], [ "0.0", "409.4197856015318", "192.99310674506356",], [ "0.0", "0.0", "1.0",],]
distortion = [ [ "0.20388413642727585", "-0.26818407254096455", "-0.03183352097916003", "-0.006019910717862182", "0.17422054298291476",],]
exposure = -7
grid_count = 30

[cam_1]
port = 1
resolution = [ 640, 480,]
rotation_count = 0
error = 0.417
camera_matrix = [ [ "817.5271178597181", "0.0", "337.83849988389574",], [ "0.0", "820.4300089554666", "220.2725791870871",], [ "0.0", "0.0", "1.0",],]
distortion = [ [ "0.09039717320377275", "-2.598782916983983", "-0.001824606264887232", "0.006027296732624897", "16.65371049134791",],]
exposure = -7.0
grid_count = 21

[cam_2]
port = 2
resolution = [ 640, 480,]
rotation_count = 0
error = 0.596
camera_matrix = [ [ "419.1267004535585", "0.0", "329.7819994891216",], [ "0.0", "398.7323847461771", "229.2799957869942",], [ "0.0", "0.0", "1.0",],]
distortion = [ [ "0.14654383646530558", "-0.1740123246001938", "-0.010348764953378593", "0.0001706926174154035", "0.0782458983286235",],]
exposure = -6.0
grid_count = 48

[charuco]
columns = 4
rows = 5
board_height = 11.0
board_width = 8.5
dictionary = "DICT_4X4_1000"
units = "inch"
aruco_scale = 0.75
square_size_overide = 4.4
inverted = true
