CreationDate = 2022-11-20T13:50:27.969661

[cam_0]
port = 0
resolution = [ 640, 480,]
rotation_count = 0
error = 0.406
camera_matrix = [ [ "439.52914896706113", "0.0", "322.4954181714395",], [ "0.0", "437.5419435465641", "257.30523071291555",], [ "0.0", "0.0", "1.0",],]
distortion = [ [ "0.19207683388300525", "-0.23688760669445605", "-0.0024412495188975702", "-0.001876558607617848", "-0.020934286589968525",],]
exposure = -6.0
grid_count = 32

[cam_1]
port = 1
resolution = [ 640, 480,]
rotation_count = 0
error = 0.598
camera_matrix = [ [ "430.0304104931319", "0.0", "327.34574417910216",], [ "0.0", "428.90148413367547", "223.29489544413713",], [ "0.0", "0.0", "1.0",],]
distortion = [ [ "0.19011127097768393", "-0.26744373101386154", "-0.0028190982062348733", "-0.0019004928680927374", "0.11569384441005436",],]
exposure = -6.0
grid_count = 53

[charuco]
columns = 4
rows = 5
board_height = 11.0
board_width = 8.5
dictionary = "DICT_4X4_1000"
units = "inch"
aruco_scale = 0.75
square_size_overide = 0.0525
inverted = true

[stereo_0_1]
grid_count = 6
rotation = [ [ "0.9998883096003225", "-0.005316387228136778", "0.013967975925312107",], [ "0.00830240255625133", "0.9747060177338929", "-0.22333662732550205",], [ "-0.012427326196875409", "0.22342765052736144", "0.974641291216117",],]
translation = [ [ "24.232732902038563",], [ "1.0623474601289318",], [ "-1.0081095015027208",],]
RMSE = 0.7717032773636526
