CreationDate = 2022-11-20T13:50:27.969661

[cam_0]
port = 0
resolution = [ 640, 480,]
rotation_count = 0
error = 0.406
camera_matrix = [ [ "439.52914896706113", "0.0", "322.4954181714395",], [ "0.0", "437.5419435465641", "257.30523071291555",], [ "0.0", "0.0", "1.0",],]
distortion = [ [ "0.19207683388300525", "-0.23688760669445605", "-0.0024412495188975702", "-0.001876558607617848", "-0.020934286589968525",],]
exposure = -6.0
grid_count = 32

[cam_1]
port = 1
resolution = [ 640, 480,]
rotation_count = 0
error = 0.598
camera_matrix = [ [ "430.0304104931319", "0.0", "327.34574417910216",], [ "0.0", "428.90148413367547", "223.29489544413713",], [ "0.0", "0.0", "1.0",],]
distortion = [ [ "0.19011127097768393", "-0.26744373101386154", "-0.0028190982062348733", "-0.0019004928680927374", "0.11569384441005436",],]
exposure = -6.0
grid_count = 53

[charuco]
columns = 4
rows = 5
board_height = 11.0
board_width = 8.5
dictionary = "DICT_4X4_1000"
units = "inch"
aruco_scale = 0.75
square_size_overide_cm = 5.25
inverted = true

[stereo_0_1]
grid_count = 6
rotation = [ [ "0.996865183773178", "0.045220627150976425", "-0.06492226321486684",], [ "-0.06093987972114362", "0.9621752637478811", "-0.2655279512429306",], [ "0.050459255250554655", "0.26865192482423783", "0.9619147606975327",],]
translation = [ [ "0.3327582026754343",], [ "0.031148879607067533",], [ "0.0010782111137602136",],]
RMSE = 2.320215886862436
